3.268194661061804562e-01
3.231193185968460058e-01
3.217952525023379806e-01
3.226505696293329173e-01
3.188880220220255968e-01
3.158360115727682493e-01
3.175610111347841324e-01
3.137787130327455154e-01
3.099712352774861568e-01
3.106298069933210448e-01
3.083710027813428844e-01
3.042675926728829472e-01
3.020146356872041027e-01
3.026263445260174989e-01
2.977297007756394276e-01
2.944202360619416758e-01
2.937219784440667225e-01
2.918376670148072338e-01
2.863843299997023140e-01
2.843427971342839533e-01
2.832249663730457279e-01
2.799063098627692092e-01
2.750660770358676066e-01
2.734440855279792748e-01
2.719267676725679039e-01
2.675063634745768471e-01
2.641839191746865878e-01
2.622572791236184586e-01
2.607672159834613645e-01
2.560696280244482148e-01
2.547693686508206712e-01
2.516561267575740946e-01
2.516367456250709345e-01
2.457247679951591046e-01
2.450399079211547648e-01
2.411430001044676807e-01
2.380575392373594223e-01
2.329383804285935222e-01
2.269195315279183278e-01
2.256361689869748888e-01
2.182760071649348099e-01
2.163025683233633645e-01
2.088756196993085401e-01
2.076879152552761898e-01
2.031522809161274146e-01
1.987640803773327303e-01
1.950432067992253771e-01
1.914107176614070760e-01
1.872974879378253299e-01
1.828760018828828604e-01
1.804861230944663775e-01
1.753473017381280974e-01
1.716291098237921753e-01
1.671451756442768333e-01
1.646001387122309201e-01
1.594594670001653614e-01
1.547964556021050320e-01
1.522464652266914131e-01
1.476230729857249402e-01
1.428808603390294418e-01
1.397778235807275449e-01
1.354570021167698646e-01
1.304276638081619255e-01
1.274822002064295856e-01
1.232357448551427287e-01
1.188851076749579544e-01
1.147134031588402381e-01
1.105355684084877166e-01
1.061237819435199292e-01
1.029449529282533415e-01
9.858236089389504908e-02
9.397149482760781825e-02
8.989188132879061266e-02
8.603269337779462234e-02
8.259832122180950364e-02
7.846832766197636699e-02
7.377244684834430299e-02
6.990871372713855503e-02
6.627946484062219312e-02
6.271038371406029155e-02
5.859092004520481678e-02
5.494416669613547827e-02
5.157321491558201909e-02
4.824689086263940496e-02
4.450909570859584719e-02
4.070933849136799954e-02
3.729253696568254201e-02
3.424023519977703600e-02
3.113756623799742579e-02
2.801020718438407969e-02
2.487569644854095707e-02
2.174230218979497642e-02
1.871200519075975899e-02
1.590220329736333205e-02
1.334543493976903666e-02
1.102128574445179754e-02
8.940883137565046324e-03
7.192704684619827260e-03
5.911709829974715058e-03
5.215689106656741514e-03
5.176111890646345470e-03
